check_fire_hazard:
  start:
    x_m: 0.24399185180664062
    y_m: 3.143754720687866
    yaw_rad: -2.952241897583008
  fire_place:
    x_m: 0.3799285888671875
    y_m: -5.20133638381958
    yaw_rad: -0.6344358921051027
  end}:
    x_m: 8.116275787353516
    y_m: -6.148855209350586
    yaw_rad: 0.6390349864959717
  
radius: 2

